dot_name,FM_1,FM_2,FM_3,FM_4,FM_5,FM_6,FM_7,FM_8,FM_9,FM_10,FM_11,FM_12,FM_13,FM_14,FM_15,FM_16,FM_17,FM_18,FM_19,FM_20,FM_21,FM_22,FM_23,FM_24,FM_25,FM_26,FM_27,FM_28,FM_29,FM_30,FM_31,FM_32,FM_33,FM_34,FM_35,FM_36,FM_37,FM_38,FM_39,FM_40,FM_41,FM_42,FM_43,FM_44,FM_45,FM_46,FM_47,FM_48,FM_49,FM_50,FM_51,FM_52,FM_53,FM_54,FM_55,FM_56,FM_57,FM_58,FM_59,FM_60,FM_61,FM_62,FM_63,FM_64,FM_65,FM_66,FM_67,FM_68,FM_69,FM_70,FM_71,FM_72,FM_73,FM_74,FM_75,FM_76,FM_77,FM_78,FM_79,FM_80,FM_81,FM_82,FM_83,FM_84,FM_85,FM_86,FM_87,FM_88,FM_89,FM_90,FM_91,FM_92,FM_93,FM_94,FM_95,FM_96,FM_97,FM_98,FM_99,FM_100
add_values,1,0.979952652,0.992293535,0.975600057,0.993413897,0.927975761,0.906089882,0.978567181,0.977131906,0.850475299,0.876626715,0.914108767,0.991333908,0.991333908,0.964655127,0.940406439,0.819005895,0.963234903,0.997613989,0.882727634,0.993291229,0.997613989,0.91411888,0.925629045,0.999616827,0.972808008,0.972808008,0.983060657,0.945832044,0.962969858,0.962969858,0.962969858,0.962969858,0.966427111,0.964460155,0.964460155,0.966427111,0.902788509,0.92458279,0.920507984,0.967213009,0.954354164,0.992491158,0.944619829,0.819246722,0.977121713,0.947105713,0.982315482,0.999974776,0.959674916,0.929584206,0.999974776,0.991755009,0.996803985,0.821185918,0.984065602,0.993413897,0.969258149,0.887351395,0.904734671,0.95441293,0.973165634,0.980681159,0.973729058,0.963646371,0.977705359,0.980681159,0.928552541,0.98777845,0.919766489,0.877863491,0.999799457,0.99314763,0.941082763,0.986125237,0.779759528,0.899728352,0.883157816,0.937299531,0.903508081,0.971600551,0.970198879,0.999082041,0.999804149,0.922150506,0.897365744,0.994761598,0.926276542,0.999079751,0.997502296,0.999079751,0.969803371,0.925629045,0.889780553,0.920664429,0.871961529,0.957286502,0.940089043,0.954034906,0.940547562
array_calc,0.979952652,1,0.994756566,0.997317131,0.994192288,0.974381131,0.962173086,0.997612355,0.999741207,0.921015202,0.940090992,0.968053569,0.994386544,0.994386544,0.996764124,0.984442931,0.895634314,0.995988525,0.989425383,0.95033733,0.994338759,0.989425383,0.970642563,0.97478175,0.977843825,0.997370113,0.997370113,0.998649692,0.984946878,0.994021787,0.994021787,0.994021787,0.994021787,0.997433126,0.996916554,0.996916554,0.997433126,0.958328858,0.975904257,0.97418766,0.995829897,0.992011644,0.996744798,0.988199059,0.896441977,0.999732556,0.987991524,0.996257703,0.980484497,0.994206804,0.973687448,0.980484497,0.995887368,0.966023474,0.897570111,0.998324979,0.994192288,0.992721395,0.949138419,0.961101046,0.990519141,0.997453795,0.995717991,0.99639845,0.994280859,0.998171907,0.995717991,0.977470055,0.99800588,0.96953008,0.939637602,0.982599761,0.995830883,0.985026883,0.998485471,0.865469985,0.95827724,0.947711114,0.980113542,0.964835094,0.998892495,0.993078482,0.984576527,0.981328906,0.971723299,0.956230726,0.962444881,0.973689718,0.98626161,0.990204692,0.98626161,0.998372241,0.97478175,0.955245416,0.971269381,0.938014802,0.992197029,0.987101243,0.993634852,0.983371016
array_copy,0.992293535,0.994756566,1,0.990715819,0.996381884,0.954197716,0.935305062,0.990501064,0.993908072,0.886244359,0.909966787,0.942981067,0.994353098,0.994353098,0.985122091,0.965496698,0.856868034,0.983893962,0.995671081,0.919210481,0.999843316,0.995671081,0.945555372,0.951655193,0.99107167,0.990499414,0.990499414,0.996842017,0.96787882,0.981826808,0.981826808,0.981826808,0.981826808,0.987572341,0.986045548,0.986045548,0.987572341,0.932301464,0.953364018,0.951141965,0.987194817,0.976418752,0.998250605,0.97153751,0.857566195,0.993895686,0.972664897,0.992734842,0.992647841,0.980912302,0.952703681,0.992647841,0.997252042,0.984006781,0.859110714,0.997104411,0.996381884,0.982721067,0.919274897,0.93445775,0.97743925,0.990659118,0.989691078,0.988414677,0.983715166,0.993052408,0.989691078,0.956530363,0.998650181,0.946752067,0.909226046,0.993738079,0.997574026,0.966020158,0.996471018,0.821654071,0.9310063,0.91697795,0.962008005,0.937124755,0.991413488,0.983494585,0.995923287,0.993737174,0.949982359,0.928100235,0.977100611,0.951870576,0.995364592,0.996387316,0.995364592,0.989759122,0.951655193,0.925223767,0.947986221,0.906454682,0.978456913,0.968097965,0.979346181,0.965157598
autoCorrelation,0.975600057,0.997317131,0.990715819,1,0.993881626,0.984690271,0.973057662,0.998713701,0.998071898,0.938315504,0.955346341,0.977958153,0.994006276,0.994006276,0.998174333,0.990976823,0.915775406,0.998123286,0.987785859,0.962413315,0.991169522,0.987785859,0.979598068,0.983018722,0.971944117,0.999302512,0.999302512,0.997941405,0.992058202,0.997886703,0.997886703,0.997886703,0.997886703,0.998235,0.998010468,0.998010468,0.998235,0.971021481,0.984561434,0.982681765,0.99868444,0.995888084,0.99439128,0.993313056,0.916565987,0.99811483,0.993702895,0.998904762,0.976041748,0.997027976,0.983663831,0.976041748,0.995619722,0.957819242,0.917577962,0.997820698,0.993881626,0.997387513,0.962380448,0.972746017,0.995823066,0.99935077,0.997546553,0.999482162,0.998145762,0.999249366,0.997546553,0.986129034,0.99591592,0.980424711,0.955245681,0.978076241,0.994203093,0.991292537,0.997360856,0.888128806,0.97076521,0.961072573,0.989194018,0.974213837,0.997228421,0.997571915,0.980641717,0.976453307,0.981911751,0.968397519,0.955317156,0.98317524,0.980876254,0.988376202,0.980876254,0.998433803,0.983018722,0.966539737,0.981066847,0.953478739,0.996779821,0.991265144,0.995570581,0.991040835
average,0.993413897,0.994192288,0.996381884,0.993881626,1,0.964232176,0.94808889,0.995416572,0.993126701,0.90399227,0.925032997,0.954168494,0.999412468,0.999412468,0.987630345,0.972992265,0.877515645,0.986906398,0.998881175,0.930518975,0.997306266,0.998881175,0.954316362,0.962577516,0.991388209,0.992164314,0.992164314,0.996020144,0.976675387,0.987373468,0.987373468,0.987373468,0.987373468,0.988156363,0.987145006,0.987145006,0.988156363,0.945575214,0.962033546,0.958860925,0.989158425,0.981780341,0.999286255,0.975402682,0.877928444,0.99314647,0.977131237,0.997136949,0.993667224,0.985076032,0.965201795,0.993667224,0.999720991,0.98229749,0.879404683,0.996517199,1,0.990816012,0.933697968,0.947198239,0.981908607,0.992364231,0.996301571,0.993311782,0.987529294,0.994623981,0.996301571,0.964814485,0.99702121,0.958287937,0.925823404,0.994634258,0.999640107,0.973401127,0.997302434,0.844415574,0.943472502,0.930675507,0.970774657,0.946349291,0.989485657,0.991348331,0.994943033,0.993431618,0.959983868,0.941498609,0.981693188,0.963014654,0.995636192,0.99899871,0.995636192,0.989578922,0.962577516,0.935983661,0.959018116,0.921679318,0.983891459,0.972022059,0.980508549,0.973162691
bi_SearchFromTo,0.927975761,0.974381131,0.954197716,0.984690271,0.964232176,1,0.997486555,0.982302325,0.977788068,0.984005073,0.992124956,0.998633838,0.96739973,0.96739973,0.988741935,0.998218258,0.971436025,0.989530514,0.95132524,0.993160007,0.955274473,0.95132524,0.997974535,0.998078061,0.921929483,0.986017834,0.986017834,0.974587699,0.99820168,0.992271712,0.992271712,0.992271712,0.992271712,0.986648878,0.987826932,0.987826932,0.986648878,0.997668393,0.998878113,0.998597928,0.989179985,0.993607559,0.963362374,0.995362658,0.971929937,0.9778816,0.996706393,0.980985328,0.928712167,0.992640092,0.999059753,0.928712167,0.967029957,0.898211921,0.972509361,0.974053717,0.964232176,0.990616157,0.994467361,0.997767922,0.995523828,0.985845962,0.981718227,0.987640169,0.992231553,0.982501599,0.981718227,0.99944556,0.966736152,0.999546115,0.991803843,0.932084098,0.96334563,0.996767103,0.970793666,0.954249913,0.997205613,0.993809632,0.999542147,0.995675984,0.978227093,0.990094303,0.934797403,0.928121573,0.999694695,0.99647542,0.901582386,0.999509811,0.936579838,0.951897885,0.936579838,0.983259208,0.998078061,0.994299679,0.99934006,0.99117338,0.994758206,0.99471769,0.989966612,0.99881672
bubble,0.906089882,0.962173086,0.935305062,0.973057662,0.94808889,0.997486555,1,0.971701109,0.965753065,0.991974889,0.99668954,0.999594635,0.952870891,0.952870891,0.980386472,0.994783834,0.982466212,0.981447848,0.932928983,0.997669306,0.936211285,0.932928983,0.998386889,0.997825524,0.899880185,0.974568572,0.974568572,0.959898259,0.993879152,0.984517087,0.984517087,0.984517087,0.984517087,0.97697334,0.978807326,0.978807326,0.97697334,0.999342095,0.997585613,0.997600107,0.978714501,0.987880567,0.947430967,0.989816581,0.982936169,0.96585396,0.990509407,0.968025149,0.906903248,0.985614721,0.997731623,0.906903248,0.951090932,0.872823367,0.983239985,0.959032972,0.94808889,0.982095143,0.998858923,0.999802694,0.988014489,0.974362281,0.970898372,0.977355345,0.983216635,0.970018345,0.970898372,0.997221837,0.950439717,0.998907132,0.996756001,0.911025202,0.947350861,0.993237065,0.956729289,0.968863059,0.999339424,0.998465152,0.995493977,0.997762843,0.966712976,0.981258409,0.912959088,0.90597223,0.998406987,0.999625891,0.879753864,0.998479208,0.916537842,0.933447248,0.916537842,0.972622226,0.997825524,0.998030404,0.999178752,0.996456768,0.98795502,0.990883756,0.982853723,0.994836072
cal_AbsoluteDiff,0.978567181,0.997612355,0.990501064,0.998713701,0.995416572,0.982302325,0.971701109,1,0.997514394,0.935553496,0.952357589,0.976291475,0.996366687,0.996366687,0.997414554,0.989542303,0.912609296,0.997177602,0.990044696,0.959210297,0.991015144,0.990044696,0.976996629,0.982764548,0.97560866,0.997872506,0.997872506,0.99690657,0.991238035,0.99754729,0.99754729,0.99754729,0.99754729,0.996682716,0.996506582,0.996506582,0.996682716,0.968867258,0.982321921,0.979707098,0.996815965,0.995008698,0.995667976,0.990797713,0.913268863,0.997542939,0.991076825,0.998596435,0.979085939,0.996318558,0.983070451,0.979085939,0.996227614,0.962110036,0.91426455,0.996819375,0.995416572,0.997876715,0.960279262,0.970820364,0.993691018,0.997952503,0.999206604,0.999156776,0.996655464,0.998506246,0.999206604,0.983671342,0.995257287,0.978392479,0.952835554,0.981057795,0.995612011,0.990208216,0.997484878,0.884502831,0.968000476,0.958450386,0.986765464,0.971757045,0.995740598,0.998116821,0.981910116,0.978923204,0.9794089,0.966443323,0.962790813,0.982049409,0.984019992,0.99038207,0.984019992,0.99675434,0.982764548,0.963616284,0.9795353,0.950451318,0.995566954,0.988968942,0.993179794,0.989181815
cal_Diff,0.977131906,0.999741207,0.993908072,0.998071898,0.993126701,0.977788068,0.965753065,0.997514394,1,0.926615043,0.945189854,0.971489973,0.993227661,0.993227661,0.997792421,0.98685111,0.902022067,0.997122094,0.987631327,0.954877645,0.993517387,0.987631327,0.974125512,0.977345467,0.974685637,0.998520409,0.998520409,0.998966891,0.987157629,0.995231129,0.995231129,0.995231129,0.995231129,0.998631295,0.998169235,0.998169235,0.998631295,0.962422488,0.979033397,0.97766785,0.997415348,0.993473258,0.99566596,0.990607146,0.902841767,0.999999262,0.990634531,0.996622778,0.977697245,0.995654511,0.97647598,0.977697245,0.995165298,0.961979622,0.903947548,0.998613545,0.993126701,0.993594643,0.953500186,0.964904575,0.992820139,0.998569307,0.99554846,0.997163512,0.995969399,0.998879202,0.99554846,0.980690171,0.997705025,0.973036659,0.944450456,0.979934465,0.994676667,0.987142049,0.997974125,0.872679555,0.962430687,0.95225484,0.983142913,0.968455563,0.999440442,0.993918332,0.982452854,0.978649002,0.975337628,0.960264928,0.957743507,0.976747479,0.983652317,0.988501353,0.983652317,0.999258809,0.977345467,0.959477237,0.974550189,0.943104109,0.993924019,0.989410893,0.995355533,0.986000794
cal_DividedDiff,0.850475299,0.921015202,0.886244359,0.938315504,0.90399227,0.984005073,0.991974889,0.935553496,0.926615043,1,0.998447431,0.989047193,0.910577435,0.910577435,0.94860091,0.974829891,0.998055981,0.950250401,0.884531909,0.994021707,0.887887353,0.884531909,0.98607787,0.983162741,0.842327176,0.941005659,0.941005659,0.919572061,0.973549897,0.955826276,0.955826276,0.955826276,0.955826276,0.943895086,0.946629847,0.946629847,0.943895086,0.99371055,0.982665784,0.983815026,0.947770531,0.960985398,0.901786461,0.966254366,0.998231736,0.92675267,0.968087719,0.931836829,0.851453215,0.957413145,0.984047976,0.851453215,0.907663439,0.809426853,0.998314414,0.918566568,0.90399227,0.953162588,0.996689863,0.992638505,0.963428932,0.940649463,0.935557633,0.944790417,0.954698681,0.934154802,0.935557633,0.981826214,0.90625075,0.987909915,0.998385244,0.856183973,0.901964167,0.971874057,0.913678191,0.992169603,0.993343141,0.996654696,0.978584367,0.987216607,0.928381571,0.951850914,0.858418185,0.849719703,0.986400125,0.994554643,0.819977483,0.985223191,0.862454875,0.884979888,0.862454875,0.937132797,0.983162741,0.992157727,0.987098131,0.998729811,0.961748523,0.967763503,0.953638777,0.975657354
canberraDist,0.876626715,0.940090992,0.909966787,0.955346341,0.925032997,0.992124956,0.99668954,0.952357589,0.945189854,0.998447431,1,0.995117135,0.930618159,0.930618159,0.963712607,0.984971574,0.993414326,0.965002955,0.907523778,0.99674227,0.911464645,0.907523778,0.992756341,0.99038948,0.86907324,0.957901147,0.957901147,0.939478959,0.984045154,0.969651343,0.969651343,0.969651343,0.969651343,0.960038103,0.962283521,0.962283521,0.960038103,0.998152697,0.990567159,0.991607119,0.963621145,0.973646575,0.923322523,0.978053959,0.993601733,0.945307706,0.980181781,0.949779666,0.877542125,0.971190072,0.991629042,0.877542125,0.928574874,0.838864117,0.993933481,0.938620088,0.925032997,0.967525807,0.999239156,0.997334026,0.976487586,0.957596501,0.952411394,0.960728555,0.969330526,0.951977889,0.952411394,0.990365871,0.927753351,0.994694383,0.999740795,0.881855036,0.923334348,0.982048283,0.933630821,0.983958467,0.997693906,0.998920356,0.988249709,0.992525094,0.946584372,0.966447076,0.884378107,0.876181658,0.99382369,0.998341463,0.846936971,0.99270927,0.887677988,0.908053449,0.887677988,0.954263455,0.99038948,0.995679256,0.993944815,0.999662956,0.974801779,0.979032955,0.967814816,0.985781963
chebyshevDist,0.914108767,0.968053569,0.942981067,0.977958153,0.954168494,0.998633838,0.999594635,0.976291475,0.971489973,0.989047193,0.995117135,1,0.958616222,0.958616222,0.984668117,0.996908731,0.978260825,0.985553475,0.939731898,0.996865751,0.943838882,0.939731898,0.999194708,0.99842452,0.907995193,0.979508153,0.979508153,0.966116703,0.995875506,0.987964078,0.987964078,0.987964078,0.987964078,0.981766449,0.983425598,0.983425598,0.981766449,0.99891648,0.998845412,0.998920129,0.98329127,0.991077145,0.953959271,0.992770503,0.978743558,0.971572214,0.993625963,0.972967751,0.91493387,0.989246198,0.998342613,0.91493387,0.957260428,0.882534223,0.979175477,0.96526198,0.954168494,0.985572336,0.997710041,0.999529315,0.991383424,0.979316805,0.975314629,0.981599563,0.987198543,0.975322558,0.975314629,0.998693803,0.957428752,0.999560628,0.995036009,0.918787112,0.953705761,0.995269357,0.962622319,0.96319944,0.999117192,0.997336864,0.997402435,0.998028056,0.972626745,0.984883937,0.921075942,0.914234727,0.999227608,0.998997614,0.887822985,0.999282921,0.924400856,0.940328585,0.924400856,0.977933715,0.99842452,0.997537742,0.999798145,0.99469831,0.991186899,0.993778056,0.987040153,0.996953042
checkNonNegative,0.991333908,0.994386544,0.994353098,0.994006276,0.999412468,0.96739973,0.952870891,0.996366687,0.993227661,0.910577435,0.930618159,0.958616222,1,1,0.988864457,0.975884721,0.885255535,0.987966034,0.997885952,0.935202507,0.99543234,0.997885952,0.958042566,0.966478974,0.989134418,0.992485391,0.992485391,0.995363049,0.979409829,0.988772034,0.988772034,0.988772034,0.988772034,0.988851409,0.988093664,0.988093664,0.988851409,0.9502192,0.96524232,0.96233091,0.989700581,0.983753922,0.998676188,0.976920282,0.885446878,0.993227499,0.979050146,0.997228366,0.991617325,0.986901495,0.969035771,0.991617325,0.999008133,0.979521425,0.8870244,0.995774124,0.999412468,0.99278574,0.939228736,0.951904505,0.983430322,0.992688778,0.997762011,0.994174247,0.988672969,0.99478455,0.997762011,0.967812221,0.996102868,0.962256596,0.931713501,0.992588211,0.999056993,0.975737274,0.996424369,0.852979625,0.948028898,0.935979089,0.97355402,0.95015748,0.989659018,0.993214831,0.992232913,0.990987556,0.963486374,0.946631343,0.980946594,0.966908594,0.994306708,0.997905948,0.994306708,0.99001951,0.966478974,0.940350788,0.963010156,0.927234312,0.985658682,0.974405334,0.981872446,0.975777399
checkPositive,0.991333908,0.994386544,0.994353098,0.994006276,0.999412468,0.96739973,0.952870891,0.996366687,0.993227661,0.910577435,0.930618159,0.958616222,1,1,0.988864457,0.975884721,0.885255535,0.987966034,0.997885952,0.935202507,0.99543234,0.997885952,0.958042566,0.966478974,0.989134418,0.992485391,0.992485391,0.995363049,0.979409829,0.988772034,0.988772034,0.988772034,0.988772034,0.988851409,0.988093664,0.988093664,0.988851409,0.9502192,0.96524232,0.96233091,0.989700581,0.983753922,0.998676188,0.976920282,0.885446878,0.993227499,0.979050146,0.997228366,0.991617325,0.986901495,0.969035771,0.991617325,0.999008133,0.979521425,0.8870244,0.995774124,0.999412468,0.99278574,0.939228736,0.951904505,0.983430322,0.992688778,0.997762011,0.994174247,0.988672969,0.99478455,0.997762011,0.967812221,0.996102868,0.962256596,0.931713501,0.992588211,0.999056993,0.975737274,0.996424369,0.852979625,0.948028898,0.935979089,0.97355402,0.95015748,0.989659018,0.993214831,0.992232913,0.990987556,0.963486374,0.946631343,0.980946594,0.966908594,0.994306708,0.997905948,0.994306708,0.99001951,0.966478974,0.940350788,0.963010156,0.927234312,0.985658682,0.974405334,0.981872446,0.975777399
check_equal,0.964655127,0.996764124,0.985122091,0.998174333,0.987630345,0.988741935,0.980386472,0.997414554,0.997792421,0.94860091,0.963712607,0.984668117,0.988864457,0.988864457,1,0.995238112,0.927444924,0.999842564,0.979486243,0.972143511,0.984998972,0.979486243,0.986735692,0.988967628,0.961126216,0.998648172,0.998648172,0.99525866,0.995018023,0.999041585,0.999041585,0.999041585,0.999041585,0.999621391,0.999774451,0.999774451,0.999621391,0.977592718,0.990244487,0.98899697,0.998906086,0.998779145,0.989505562,0.99714889,0.928295873,0.997817829,0.996810562,0.995334485,0.965298502,0.999441534,0.987751433,0.965298502,0.989992028,0.944963233,0.929118719,0.994723089,0.987630345,0.996621705,0.970793,0.979752945,0.997763986,0.998630811,0.995261991,0.998374232,0.998916699,0.99777806,0.995261991,0.991115549,0.992000206,0.985524752,0.963193115,0.968007439,0.988748288,0.995490119,0.994020013,0.902032205,0.977887848,0.970001564,0.992321651,0.982656721,0.997914309,0.996672041,0.970544364,0.965854039,0.986988489,0.976126102,0.943159898,0.988192576,0.972346674,0.980286115,0.972346674,0.999115659,0.988967628,0.975802506,0.986808437,0.962435029,0.998749466,0.996468058,0.998916628,0.994538385
check_eq_tolerance,0.940406439,0.984442931,0.965496698,0.990976823,0.972992265,0.998218258,0.994783834,0.989542303,0.98685111,0.974829891,0.984971574,0.996908731,0.975884721,0.975884721,0.995238112,1,0.959360919,0.995709185,0.961314124,0.989649736,0.965975519,0.961314124,0.997468434,0.998097082,0.935299135,0.991884281,0.991884281,0.982906287,0.999411567,0.99684223,0.99684223,0.99684223,0.99684223,0.993437821,0.994415552,0.994415552,0.993437821,0.99332574,0.998929841,0.998314081,0.994116455,0.998332833,0.973526438,0.998668054,0.960029706,0.986912592,0.998902244,0.986910936,0.941137417,0.997497714,0.997560613,0.941137417,0.975761771,0.913948242,0.960627818,0.982223735,0.972992265,0.994388088,0.989490903,0.994580498,0.99812864,0.991770536,0.988013096,0.993007918,0.996294392,0.989165855,0.988013096,0.999207853,0.976619028,0.997204281,0.984709229,0.944440427,0.973125898,0.999333255,0.980438902,0.939656949,0.993560925,0.988963377,0.999118565,0.994994356,0.987548016,0.994016325,0.946942009,0.94097881,0.997641641,0.992594121,0.915942592,0.998175448,0.949389138,0.961988067,0.949389138,0.991102571,0.998097082,0.991670777,0.997812926,0.98422299,0.998418463,0.99867825,0.996042021,0.999793028
chiSquare,0.819005895,0.895634314,0.856868034,0.915775406,0.877515645,0.971436025,0.982466212,0.912609296,0.902022067,0.998055981,0.993414326,0.978260825,0.885255535,0.885255535,0.927444924,0.959360919,1,0.929328214,0.856264731,0.986152028,0.858912532,0.856264731,0.974163284,0.970179609,0.810032715,0.918824424,0.918824424,0.894237509,0.957897853,0.93603052,0.93603052,0.93603052,0.93603052,0.922010783,0.92523503,0.92523503,0.922010783,0.985064431,0.969406855,0.971209406,0.926692374,0.942242967,0.874534806,0.948544672,0.999938011,0.90217124,0.951135001,0.90882343,0.82001141,0.938043886,0.971760501,0.82001141,0.881403749,0.774408468,0.999982563,0.893162709,0.877515645,0.933833301,0.989975175,0.983409251,0.94539184,0.918420889,0.913370725,0.92338912,0.934922302,0.910917434,0.913370725,0.968352954,0.879275175,0.976783464,0.993548622,0.825014438,0.874872834,0.95546165,0.88736258,0.997772432,0.984564365,0.989925863,0.964458805,0.975973809,0.904070059,0.932246596,0.82707063,0.817789658,0.974688915,0.986427206,0.787456405,0.973050328,0.83166645,0.856621003,0.83166645,0.91421088,0.970179609,0.983180383,0.975489776,0.993810926,0.943245536,0.950765101,0.933668304,0.960457546
clip,0.963234903,0.995988525,0.983893962,0.998123286,0.986906398,0.989530514,0.981447848,0.997177602,0.997122094,0.950250401,0.965002955,0.985553475,0.987966034,0.987966034,0.999842564,0.995709185,0.929328214,1,0.978477459,0.973701421,0.983821724,0.978477459,0.987645835,0.98959387,0.959498333,0.99830754,0.99830754,0.994518787,0.995366439,0.999183669,0.999183669,0.999183669,0.999183669,0.999272442,0.999493267,0.999493267,0.999272442,0.978622132,0.991135195,0.989645999,0.998693885,0.999165578,0.988567826,0.997621466,0.93030386,0.997163291,0.996961336,0.995016808,0.963868029,0.999346417,0.98842975,0.963868029,0.989270878,0.943009635,0.930996862,0.993970216,0.986906398,0.996540485,0.972008265,0.980785317,0.997837312,0.998283589,0.99475847,0.998236112,0.998830013,0.997262193,0.99475847,0.991848347,0.991071746,0.986432405,0.964586805,0.966622515,0.987956447,0.996218839,0.993719182,0.904319913,0.979196409,0.971444417,0.992934186,0.984027835,0.9973506,0.996606464,0.969357622,0.964479592,0.987710938,0.9772132,0.941126265,0.98886586,0.970755053,0.979259204,0.970755053,0.998719889,0.98959387,0.977337529,0.987695495,0.963931229,0.998896853,0.9968203,0.998889091,0.995173398
cnt_zeroes,0.997613989,0.989425383,0.995671081,0.987785859,0.998881175,0.95132524,0.932928983,0.990044696,0.987631327,0.884531909,0.907523778,0.939731898,0.997885952,0.997885952,0.979486243,0.961314124,0.856264731,0.978477459,1,0.912726123,0.996762259,1,0.939513197,0.949272056,0.996133417,0.985566639,0.985566639,0.991875844,0.965834759,0.978877312,0.978877312,0.978877312,0.978877312,0.980393589,0.979024999,0.979024999,0.980393589,0.930202775,0.948369144,0.944813654,0.981505994,0.972007707,0.997841488,0.964079689,0.856543163,0.987638213,0.966328801,0.992665674,0.997735093,0.976100928,0.952695401,0.997735093,0.997920166,0.989576135,0.858248343,0.992610977,0.998881175,0.98387779,0.916913877,0.931868642,0.972163151,0.985836021,0.991708332,0.986854198,0.979223377,0.989027251,0.991708332,0.951660847,0.994387793,0.944564532,0.90862454,0.998158084,0.998438391,0.961676865,0.993882746,0.820708663,0.927599275,0.91330324,0.958932038,0.930383928,0.983114644,0.984561594,0.997895259,0.997386262,0.946389793,0.925543662,0.988912746,0.94995744,0.998443934,0.999966329,0.998443934,0.982575922,0.949272056,0.918779578,0.945266281,0.903555785,0.974532009,0.960245252,0.970793834,0.961524247
cosineDist,0.882727634,0.95033733,0.919210481,0.962413315,0.930518975,0.993160007,0.997669306,0.959210297,0.954877645,0.994021707,0.99674227,0.996865751,0.935202507,0.935202507,0.972143511,0.989649736,0.986152028,0.973701421,0.912726123,1,0.919664887,0.912726123,0.997195762,0.993608237,0.875640742,0.96437093,0.96437093,0.947334129,0.986960924,0.975873475,0.975873475,0.975873475,0.975873475,0.968623836,0.970811512,0.970811512,0.968623836,0.997148698,0.99501044,0.9955063,0.969788311,0.981345352,0.930890163,0.985657453,0.987034645,0.954994453,0.984891942,0.954447149,0.883651447,0.977568526,0.991772236,0.883651447,0.934765065,0.846709921,0.98694821,0.94607817,0.930518975,0.970336166,0.998247885,0.997833325,0.980982622,0.964071559,0.956499927,0.966200632,0.974509713,0.958496571,0.956499927,0.993754535,0.936489964,0.995202918,0.996118664,0.888285134,0.930475397,0.988637047,0.943408918,0.975611805,0.998592022,0.999229509,0.99024245,0.998437177,0.957779335,0.969400265,0.891951683,0.883380318,0.994632717,0.998197735,0.85109536,0.993660015,0.894753865,0.913584701,0.894753865,0.963863967,0.993608237,0.999823802,0.995542727,0.997686938,0.980347578,0.987155857,0.977297028,0.989611315
count_k,0.993291229,0.994338759,0.999843316,0.991169522,0.997306266,0.955274473,0.936211285,0.991015144,0.993517387,0.887887353,0.911464645,0.943838882,0.99543234,0.99543234,0.984998972,0.965975519,0.858912532,0.983821724,0.996762259,0.919664887,1,0.996762259,0.945901164,0.952310788,0.991811425,0.990716012,0.990716012,0.996883248,0.968695821,0.982225712,0.982225712,0.982225712,0.982225712,0.987283823,0.985794313,0.985794313,0.987283823,0.933600251,0.953871963,0.951527958,0.987409426,0.976558692,0.998613109,0.971448111,0.859518253,0.993506232,0.973002529,0.99358301,0.993631283,0.981048195,0.953984645,0.993631283,0.997963821,0.984891237,0.861123083,0.997235923,0.997306266,0.983857152,0.920494929,0.935522231,0.977873018,0.990884063,0.990656517,0.98902456,0.984131753,0.993346869,0.990656517,0.957135696,0.998717244,0.947953537,0.910964839,0.994537996,0.998126137,0.966290891,0.996450927,0.823758998,0.932099986,0.918012629,0.963020961,0.937265096,0.9908041,0.984638613,0.996527939,0.994480808,0.950901835,0.929214212,0.978664617,0.952916857,0.995990349,0.997371103,0.995990349,0.989427708,0.952310788,0.925588714,0.948912799,0.907833428,0.978836822,0.967849935,0.978910208,0.965881493
count_non_zeroes,0.997613989,0.989425383,0.995671081,0.987785859,0.998881175,0.95132524,0.932928983,0.990044696,0.987631327,0.884531909,0.907523778,0.939731898,0.997885952,0.997885952,0.979486243,0.961314124,0.856264731,0.978477459,1,0.912726123,0.996762259,1,0.939513197,0.949272056,0.996133417,0.985566639,0.985566639,0.991875844,0.965834759,0.978877312,0.978877312,0.978877312,0.978877312,0.980393589,0.979024999,0.979024999,0.980393589,0.930202775,0.948369144,0.944813654,0.981505994,0.972007707,0.997841488,0.964079689,0.856543163,0.987638213,0.966328801,0.992665674,0.997735093,0.976100928,0.952695401,0.997735093,0.997920166,0.989576135,0.858248343,0.992610977,0.998881175,0.98387779,0.916913877,0.931868642,0.972163151,0.985836021,0.991708332,0.986854198,0.979223377,0.989027251,0.991708332,0.951660847,0.994387793,0.944564532,0.90862454,0.998158084,0.998438391,0.961676865,0.993882746,0.820708663,0.927599275,0.91330324,0.958932038,0.930383928,0.983114644,0.984561594,0.997895259,0.997386262,0.946389793,0.925543662,0.988912746,0.94995744,0.998443934,0.999966329,0.998443934,0.982575922,0.949272056,0.918779578,0.945266281,0.903555785,0.974532009,0.960245252,0.970793834,0.961524247
covariance,0.91411888,0.970642563,0.945555372,0.979598068,0.954316362,0.997974535,0.998386889,0.976996629,0.974125512,0.98607787,0.992756341,0.999194708,0.958042566,0.958042566,0.986735692,0.997468434,0.974163284,0.987645835,0.939513197,0.997195762,0.945901164,0.939513197,1,0.998231575,0.908063326,0.981058463,0.981058463,0.968217945,0.995648144,0.989030079,0.989030079,0.989030079,0.989030079,0.984244374,0.985810646,0.985810646,0.984244374,0.997310503,0.999550099,0.9996734,0.984867614,0.992650752,0.955073629,0.995116241,0.974948867,0.974208924,0.994755058,0.973317121,0.914939048,0.990399476,0.996790249,0.914939048,0.95803395,0.882931161,0.975236204,0.967209629,0.954316362,0.984751692,0.995929332,0.998422603,0.992314142,0.980854557,0.974738552,0.982293725,0.988184919,0.976734067,0.974738552,0.99904775,0.959733555,0.998405824,0.992202453,0.918961059,0.954523399,0.996619788,0.964877882,0.958851529,0.998282906,0.99620842,0.99712764,0.999256339,0.976138627,0.984069472,0.922236887,0.914848695,0.998509451,0.99755269,0.885574006,0.998149071,0.924826939,0.940346081,0.924826939,0.980817483,0.998231575,0.99815041,0.998921547,0.992894203,0.992140075,0.996036744,0.990015947,0.997231162
dec,0.925629045,0.97478175,0.951655193,0.983018722,0.962577516,0.998078061,0.997825524,0.982764548,0.977345467,0.983162741,0.99038948,0.99842452,0.966478974,0.966478974,0.988967628,0.998097082,0.970179609,0.98959387,0.949272056,0.993608237,0.952310788,0.949272056,0.998231575,1,0.920275333,0.983891149,0.983891149,0.972242152,0.997913272,0.992428656,0.992428656,0.992428656,0.992428656,0.985881325,0.987258274,0.987258274,0.985881325,0.996677924,0.99887137,0.997884711,0.986956878,0.994171605,0.962226323,0.995022946,0.970801003,0.977429019,0.994800384,0.978679608,0.9264486,0.99248165,0.998863018,0.9264486,0.965068571,0.896195005,0.971136863,0.971526033,0.962577516,0.98960257,0.99421166,0.997584897,0.993530457,0.983737103,0.981369222,0.986557865,0.990421334,0.980700131,0.981369222,0.998500597,0.964418768,0.998152183,0.99044172,0.930185996,0.962052352,0.997909975,0.97013697,0.953606381,0.996288403,0.993627517,0.997423223,0.99692905,0.977765529,0.988976505,0.931652239,0.925617261,0.997998959,0.996262283,0.901947152,0.999020597,0.935367271,0.94975124,0.935367271,0.982414278,1,0.995051506,0.998821536,0.990329148,0.994108054,0.994996216,0.98967677,0.997816854
dec_array,0.999616827,0.977843825,0.99107167,0.971944117,0.991388209,0.921929483,0.899880185,0.97560866,0.974685637,0.842327176,0.86907324,0.907995193,0.989134418,0.989134418,0.961126216,0.935299135,0.810032715,0.959498333,0.996133417,0.875640742,0.991811425,0.996133417,0.908063326,0.920275333,1,0.969387265,0.969387265,0.980524523,0.940949542,0.958996272,0.958996272,0.958996272,0.958996272,0.963102043,0.960995478,0.960995478,0.963102043,0.896055431,0.918730552,0.914598963,0.963438131,0.949953184,0.990844142,0.939786226,0.81025961,0.97466894,0.942250162,0.979125256,0.999630369,0.955885004,0.924008615,0.999630369,0.989554541,0.997528223,0.812207936,0.981538263,0.991388209,0.965328356,0.880324175,0.898183058,0.949861696,0.969757628,0.977715328,0.97014387,0.959620635,0.974653864,0.977715328,0.92287475,0.985530413,0.913483223,0.870236235,0.999593431,0.991258499,0.936099288,0.983875849,0.770013094,0.892707239,0.875893298,0.931535691,0.897208686,0.968692401,0.966317039,0.998392492,0.999515669,0.916239911,0.890659309,0.99572174,0.920613948,0.99876105,0.996042536,0.99876105,0.966530053,0.920275333,0.88293593,0.91475227,0.864210187,0.952966916,0.935349682,0.949958553,0.935197646
dist,0.972808008,0.997370113,0.990499414,0.999302512,0.992164314,0.986017834,0.974568572,0.997872506,0.998520409,0.941005659,0.957901147,0.979508153,0.992485391,0.992485391,0.998648172,0.991884281,0.918824424,0.99830754,0.985566639,0.96437093,0.990716012,0.985566639,0.981058463,0.983891149,0.969387265,1,1,0.998263086,0.992737681,0.99791876,0.99791876,0.99791876,0.99791876,0.999172829,0.99889204,0.99889204,0.999172829,0.972787727,0.985594543,0.984400661,0.9997186,0.995955653,0.993333659,0.994316463,0.919506883,0.998549033,0.995297056,0.998149145,0.973383984,0.997927764,0.984421985,0.973383984,0.994194708,0.954694467,0.920596195,0.998056943,0.992164314,0.997012463,0.964299762,0.974225726,0.997169084,0.999998021,0.99670543,0.999155257,0.999054336,0.999683305,0.99670543,0.987480319,0.995651867,0.981721618,0.957159189,0.975615845,0.992745731,0.991554833,0.996117959,0.891528725,0.972207243,0.96296397,0.99021022,0.975543422,0.997751199,0.997224298,0.978370169,0.973922571,0.983663544,0.970136806,0.951612633,0.9844991,0.978924718,0.986328326,0.978924718,0.998900942,0.983891149,0.968233698,0.982446463,0.955670391,0.997329712,0.992394315,0.996498455,0.991815819
distInf,0.972808008,0.997370113,0.990499414,0.999302512,0.992164314,0.986017834,0.974568572,0.997872506,0.998520409,0.941005659,0.957901147,0.979508153,0.992485391,0.992485391,0.998648172,0.991884281,0.918824424,0.99830754,0.985566639,0.96437093,0.990716012,0.985566639,0.981058463,0.983891149,0.969387265,1,1,0.998263086,0.992737681,0.99791876,0.99791876,0.99791876,0.99791876,0.999172829,0.99889204,0.99889204,0.999172829,0.972787727,0.985594543,0.984400661,0.9997186,0.995955653,0.993333659,0.994316463,0.919506883,0.998549033,0.995297056,0.998149145,0.973383984,0.997927764,0.984421985,0.973383984,0.994194708,0.954694467,0.920596195,0.998056943,0.992164314,0.997012463,0.964299762,0.974225726,0.997169084,0.999998021,0.99670543,0.999155257,0.999054336,0.999683305,0.99670543,0.987480319,0.995651867,0.981721618,0.957159189,0.975615845,0.992745731,0.991554833,0.996117959,0.891528725,0.972207243,0.96296397,0.99021022,0.975543422,0.997751199,0.997224298,0.978370169,0.973922571,0.983663544,0.970136806,0.951612633,0.9844991,0.978924718,0.986328326,0.978924718,0.998900942,0.983891149,0.968233698,0.982446463,0.955670391,0.997329712,0.992394315,0.996498455,0.991815819
dot_product,0.983060657,0.998649692,0.996842017,0.997941405,0.996020144,0.974587699,0.959898259,0.99690657,0.998966891,0.919572061,0.939478959,0.966116703,0.995363049,0.995363049,0.99525866,0.982906287,0.894237509,0.994518787,0.991875844,0.947334129,0.996883248,0.991875844,0.968217945,0.972242152,0.980524523,0.998263086,0.998263086,1,0.984279494,0.993265234,0.993265234,0.993265234,0.993265234,0.996653747,0.995852796,0.995852796,0.996653747,0.957584197,0.974119737,0.972552729,0.996706976,0.989952272,0.997620676,0.986966035,0.894931097,0.998973673,0.988001773,0.997972975,0.983551514,0.992987278,0.972915473,0.983551514,0.99764462,0.969197475,0.89623218,0.999967857,0.996020144,0.993027387,0.947179667,0.959389782,0.99104101,0.998329757,0.995807327,0.996766125,0.994799065,0.99915088,0.995807327,0.976529645,0.999323878,0.968958207,0.938711184,0.985282037,0.99693838,0.98289821,0.998496605,0.863470839,0.956819863,0.945484056,0.9804034,0.961433649,0.997609988,0.993487039,0.987904893,0.984371591,0.971443978,0.954323613,0.96420597,0.972694296,0.988004574,0.992644043,0.988004574,0.997495424,0.972242152,0.952120326,0.969892247,0.93672359,0.99154338,0.984499822,0.99171757,0.982695784
durbinWatson,0.945832044,0.984946878,0.96787882,0.992058202,0.976675387,0.99820168,0.993879152,0.991238035,0.987157629,0.973549897,0.984045154,0.995875506,0.979409829,0.979409829,0.995018023,0.999411567,0.957897853,0.995366439,0.965834759,0.986960924,0.968695821,0.965834759,0.995648144,0.997913272,0.940949542,0.992737681,0.992737681,0.984279494,1,0.997555296,0.997555296,0.997555296,0.997555296,0.993153219,0.993977272,0.993977272,0.993153219,0.992941278,0.997743496,0.9967365,0.994650982,0.997718823,0.976247817,0.997557898,0.958413292,0.987227628,0.998447477,0.98938924,0.946537679,0.997491308,0.998319056,0.946537679,0.978849678,0.919839515,0.95910105,0.983850507,0.976675387,0.996368506,0.988320891,0.993719205,0.998343826,0.992644723,0.990584843,0.994513436,0.996902831,0.990532815,0.990584843,0.998433138,0.978155549,0.996877671,0.984025254,0.949657837,0.97608655,0.998728625,0.981961618,0.93759234,0.992189901,0.987191327,0.999131947,0.992499997,0.986817063,0.996016332,0.951415307,0.945968956,0.997327153,0.99154728,0.923230079,0.998213438,0.953866233,0.966322156,0.953866233,0.99067245,0.997913272,0.989082784,0.997252972,0.982925475,0.998617406,0.996781403,0.994502023,0.999525786
ebeAdd,0.962969858,0.994021787,0.981826808,0.997886703,0.987373468,0.992271712,0.984517087,0.99754729,0.995231129,0.955826276,0.969651343,0.987964078,0.988772034,0.988772034,0.999041585,0.99684223,0.93603052,0.999183669,0.978877312,0.975873475,0.982225712,0.978877312,0.989030079,0.992428656,0.958996272,0.99791876,0.99791876,0.993265234,0.997555296,1,1,1,1,0.997954572,0.998227804,0.998227804,0.997954572,0.98255579,0.992668814,0.990847533,0.998486312,0.999066333,0.987752263,0.997551768,0.936815867,0.995286302,0.99746062,0.995749915,0.963603357,0.999345707,0.992063125,0.963603357,0.989213969,0.94166185,0.937536836,0.992923034,0.987373468,0.99838683,0.975849851,0.98406396,0.998597756,0.997890268,0.996033151,0.998901313,0.999232978,0.996966938,0.996033151,0.993503058,0.98928138,0.989365305,0.969528049,0.966262404,0.987513484,0.997297353,0.992324563,0.911892686,0.982128579,0.974804237,0.995017653,0.985228605,0.994656815,0.998355695,0.968213304,0.963582715,0.990324522,0.980645353,0.942143084,0.991791504,0.969957958,0.979430328,0.969957958,0.996830056,0.992428656,0.979246988,0.990248357,0.968462916,0.99951403,0.996007321,0.997181101,0.996647125
ebeDivide,0.962969858,0.994021787,0.981826808,0.997886703,0.987373468,0.992271712,0.984517087,0.99754729,0.995231129,0.955826276,0.969651343,0.987964078,0.988772034,0.988772034,0.999041585,0.99684223,0.93603052,0.999183669,0.978877312,0.975873475,0.982225712,0.978877312,0.989030079,0.992428656,0.958996272,0.99791876,0.99791876,0.993265234,0.997555296,1,1,1,1,0.997954572,0.998227804,0.998227804,0.997954572,0.98255579,0.992668814,0.990847533,0.998486312,0.999066333,0.987752263,0.997551768,0.936815867,0.995286302,0.99746062,0.995749915,0.963603357,0.999345707,0.992063125,0.963603357,0.989213969,0.94166185,0.937536836,0.992923034,0.987373468,0.99838683,0.975849851,0.98406396,0.998597756,0.997890268,0.996033151,0.998901313,0.999232978,0.996966938,0.996033151,0.993503058,0.98928138,0.989365305,0.969528049,0.966262404,0.987513484,0.997297353,0.992324563,0.911892686,0.982128579,0.974804237,0.995017653,0.985228605,0.994656815,0.998355695,0.968213304,0.963582715,0.990324522,0.980645353,0.942143084,0.991791504,0.969957958,0.979430328,0.969957958,0.996830056,0.992428656,0.979246988,0.990248357,0.968462916,0.99951403,0.996007321,0.997181101,0.996647125
ebeMultiply,0.962969858,0.994021787,0.981826808,0.997886703,0.987373468,0.992271712,0.984517087,0.99754729,0.995231129,0.955826276,0.969651343,0.987964078,0.988772034,0.988772034,0.999041585,0.99684223,0.93603052,0.999183669,0.978877312,0.975873475,0.982225712,0.978877312,0.989030079,0.992428656,0.958996272,0.99791876,0.99791876,0.993265234,0.997555296,1,1,1,1,0.997954572,0.998227804,0.998227804,0.997954572,0.98255579,0.992668814,0.990847533,0.998486312,0.999066333,0.987752263,0.997551768,0.936815867,0.995286302,0.99746062,0.995749915,0.963603357,0.999345707,0.992063125,0.963603357,0.989213969,0.94166185,0.937536836,0.992923034,0.987373468,0.99838683,0.975849851,0.98406396,0.998597756,0.997890268,0.996033151,0.998901313,0.999232978,0.996966938,0.996033151,0.993503058,0.98928138,0.989365305,0.969528049,0.966262404,0.987513484,0.997297353,0.992324563,0.911892686,0.982128579,0.974804237,0.995017653,0.985228605,0.994656815,0.998355695,0.968213304,0.963582715,0.990324522,0.980645353,0.942143084,0.991791504,0.969957958,0.979430328,0.969957958,0.996830056,0.992428656,0.979246988,0.990248357,0.968462916,0.99951403,0.996007321,0.997181101,0.996647125
ebeSubtract,0.962969858,0.994021787,0.981826808,0.997886703,0.987373468,0.992271712,0.984517087,0.99754729,0.995231129,0.955826276,0.969651343,0.987964078,0.988772034,0.988772034,0.999041585,0.99684223,0.93603052,0.999183669,0.978877312,0.975873475,0.982225712,0.978877312,0.989030079,0.992428656,0.958996272,0.99791876,0.99791876,0.993265234,0.997555296,1,1,1,1,0.997954572,0.998227804,0.998227804,0.997954572,0.98255579,0.992668814,0.990847533,0.998486312,0.999066333,0.987752263,0.997551768,0.936815867,0.995286302,0.99746062,0.995749915,0.963603357,0.999345707,0.992063125,0.963603357,0.989213969,0.94166185,0.937536836,0.992923034,0.987373468,0.99838683,0.975849851,0.98406396,0.998597756,0.997890268,0.996033151,0.998901313,0.999232978,0.996966938,0.996033151,0.993503058,0.98928138,0.989365305,0.969528049,0.966262404,0.987513484,0.997297353,0.992324563,0.911892686,0.982128579,0.974804237,0.995017653,0.985228605,0.994656815,0.998355695,0.968213304,0.963582715,0.990324522,0.980645353,0.942143084,0.991791504,0.969957958,0.979430328,0.969957958,0.996830056,0.992428656,0.979246988,0.990248357,0.968462916,0.99951403,0.996007321,0.997181101,0.996647125
